1 10
100 200
201 210
900 1000
100000 100000
200000 200000
300000 300000
400000 400000
500000 500000
600000 600000
700000 700000
800000 800000
900000 900000
999999 999999
5 10
15 20
25 30
35 40
45 50
55 60
65 70
75 80
85 90
95 100
500 100
1500 2000
2500 3000
3500 4000
4500 5000
5500 6000
6500 7000
7500 8000
8500 9000
9500 10000
5000 10000
15000 20000
25000 30000
35000 40000
45000 50000
55000 60000
65000 70000
75000 80000
85000 90000
95000 100000
1 1
2 2
3 3
4 4
5 5
10 1
200 100
210 201
1000 900
100 100
200 200
300 300
400 400
500 500
600 600
700 700
800 800
900 900
999 999
10 5
20 15
30 25
40 35
50 45
60 55
70 65
80 75
90 85
100 95
1000 500
2000 1500
3000 2500
4000 3500
5000 4500
6000 5500
7000 6500
8000 7500
9000 8500
10000 9500
10000 5000
20000 15000
30000 25000
40000 35000
50000 45000
60000 55000
70000 65000
80000 75000
90000 85000
100000 95000
10 10
20 20
30 30
40 40
50 50
60 60
70 70
80 80
90 90
100 100
1000 1000
2000 2000
3000 3000
4000 4000
5000 5000
6000 6000
7000 7000
8000 8000
9000 9000
10000 10000
