1 10
100 200
201 210
900 1000
4331 4370
8454 8517
1275 1335
868 893
5674 5732
6157 6232
6649 6694
5837 5857
5646 5696
12 26
6072 6165
3714 3762
8753 8767
266 299
8305 8344
2114 2116
6272 6337
1041 1118
7556 7634
5014 5095
1863 1934
5286 5379
4455 4530
6988 7023
8085 8102
9386 9390
7482 7506
8675 8728
6028 6057
3612 3617
9560 9610
1293 1370
8403 8498
9766 9813
8708 8790
716 809
7473 7511
925 1008
8564 8569
5634 5675
6747 6793
4987 5007
807 888
7327 7336
7889 7904
4526 4554
850 855
8875 8963
5491 5544
7768 7827
176 240
459 519
889 981
642 668
230 305
812 817
28 37
455105 454316
8395 8417
812714 757822
381264 384975
7 1656
19 305
65608 466
61 70
476601 9137
9997 10012
75656 6334
2883 2892
898 903
5 8
13 7
7 24124
81883 101461
23 47
588887 597479
8 228366
999609 999531
607 598
658782 740950
31973 32050
839795 839864
628272 628269
9488 9504
498 505
7731 7746
4 3858
7397 98
30 22
36896 36579
6 83841
100426 99439
2 6153
128 185
28 13
9779 9727
238182 239128
357768 189
4294 4373
87366 4
25 739684
261 99414
1467 1541
386 422
828207 827958
498 917
368359 368450
33 76981
71441 2
696989 9267
779794 82449
7 325
391 575976
41 69
472209 92767
7794 8192
712638 713560
15612 14676
8 418627
29 13952
8 801
25897 8
11 2
76718 891946
2 37
4541 4580
26944 5
443822 41
6835 10097
32 6520
938430 938383
10130 886
68 8817
2164 1275
50334 49748
6 89131
81761 72413
93 257
25 222
7 22
5 275220
971 975
93421 748003
989315 278154
421 422
13663 5966
95 100
84689 107883
45185 52796
23997 24773
82 106
125772 494
371672 372323
91 56
772477 924813
