1 1
9 7
8 3
2 1
8 4
9 3
5 1
2 2
3 7
9 7
2 1
9 3
57 9
33 60
78 99
35 16
26 97
67 12
33 10
49 79
21 79
72 67
36 93
45 85
91 28
57 94
53 1
44 8
90 68
96 24
3 30
66 22
24 49
853 801
408 977
933 228
981 298
13 635
814 865
536 63
669 425
94 115
501 629
195 517
404 105
298 451
123 188
882 505
566 752
337 716
144 438
897 501
828 871
358 137
397 177
904 294
231 609
175 745
298 635
399 142
412 968
557 260
8 594
968 395
4530 9113
962 1006
5365 7942
9852 2082
3821 767
4712 5695
9901 3671
4831 8590
3057 4738
9790 1616
679 5640
7006 7335
6098 7972
5319 9095
5223 3454
6760 2289
6126 8905
9506 6123
6770 5813
9094 5238
7844 6220
534 2366
5394 5226
8738 1363
9590 7844
5159 6550
4947 8623
7217 7385
5539 5272
2385 9247
4885 3496
2420 623
1968 8144
9915 5735
3534 1625
6011 6042
4152 4679
7295 5244
396 8818
1815 7692
33 2991
19397 22669
10547 89553
21210 75825
30211 29662
73377 33808
625 22761
1868 37335
2776 77995
97439 62767
89331 29874
56301 40556
560 68872
18984 20094
39789 13755
28015 51407
22769 30193
3455 15680
67506 16855
33502 70963
63108 86676
2331 63249
87638 77844
39997 60808
54849 28651
95731 45203
98014 96531
36775 95419
30180 42009
95223 87929
88260 44054
91545 76737
37525 47317
34256 4200
60597 21564
37704 6648
25150 25550
1412 41976
82797 38554
48381 2504
7065 34748
47699 59378
25129 78209
65483 78553
64607 50447
45322 80773
55176 64305
27224 70053
80366 84630
60444 5400
70285 95370
93898 83016
841133 608155
696576 515557
658266 953178
221711 187357
320614 227878
795737 474819
620591 983133
48762 623720
976197 306633
238588 576031
54873 860589
637304 998877
861200 979358
68960 777254
293947 14915
207730 645480
674546 669955
841238 837107
984926 340000
774857 545035
250114 561113
601360 929593
968418 498354
342585 25357
721015 313729
106102 776563
786643 860917
62967 819419
245269 547747
423303 855395
719103 404473
424385 711748
163459 205658
673930 45406
285132 739824
959603 300973
907920 246897
135231 603950
620203 488480
824520 213900
481258 462533
618676 217003
423934 820950
279879 558780
482574 941832
174542 433549
252771 306249
915879 766310
669970 200983
82723 392040
902971 73650
190318 753229
710299 917746
185621 687230
850124 270776
76958 668244
666771 747696
791560 829064
318751 56598
764503 869940
192801 789551
