1 10
100 200
201 210
900 1000
1 5
10 100
7 14
13 56
377 668
662 946
214 548
204 761
300 660
160 995
42 59
43 96
65 100
13 52 
54 77 
656 945 
87 645 
45 64 
56 84 
765 821 
43 100 
12 45 
73 200 
6 56 
8 16 
3 5 
57 154 
9 87 
66 100 
743 1000 
35 88 
576 600 
83 100 
5 25 
908 999 
21 50 
65 70 
73 90 
48 200 
59 100 
26 150 
15 60 
487 500 
32 37 
65 95 
98 110 
87 120 
547 700 
21 29 
54 65 
12 15 
45 88 
748 888 
78 100 
10 10
45 45
7 2
90 60
10 1
200 100
210 201
1000 900
87 6
93 58
30 15
46 17
30 58
21 60
46 95
5 56
520 520
69 85
268 259
191 167
218 219
253 200
933 945
974 939
67 104
122 122
68 122
85 63
21 14
14 21
1 1
64 12
65 123
118 27
27 76
20 80
15 66
155 54
57 121
646 646
115 78
56 78
60 52
29 53
44 14
40 23
56 16
35 10
36 45
44 48
66 66
40 41
31 17
51 42
51 45
18 33
59 31
41 18
40 40
21 53
31 14
68 31
68 54
88 86
59 70
52 75
58 66
89 100
110 150
45 67
59 32
1 16
