1 10
100 200
201 210
900 1000
1000 1
999999 1
800000 700000
43 89
9842 23
65 78
1 1
2 2
66 67
67 66
1 900000
345 456
765 6453
234 667
999999 999999 
999998 999998
12 1
90 80
98 99
52 53
56 77
4 8
8 16
16 32
32 64
64 128
128 256
256 512
1 512
512 1
123 654
12 65
1000 10000
2 999999
3 999999
4 999999
666666 999999
777777 999999
676767 999999
666666 888888
666666 878787
1 30
29 29
31 31
17 17
26 26
43 34
54 45
56 65
67 76
78 87
89 98
123 321
234 432
345 543
456 654
567 765
678 876
789 987
1234 4321
2345 5423
3456 6543
4567 7654
5678 8765
6789 9876
10 100
100 10
1000 10
10000 10
10 1000
10 10000
666 999
999 666
1 1
2 2
3 310
100 10
1000 10
10000 10
10 1000
10 10000
666 999
999 666
1 1
2 2
3 310
100 10
1000 10
10000 10
10 1000
10 10000
666 999
999 666
444 555
555 7777
66 7777
87787 7666
98 89
64 24


