1 10
100 200
201 210
900 1000
511 663
684 679
461 787
84 986
622 26
286 373
135 86
84 818
493 218
136 209
476 866
291 528
23 720
332 444
560 158
91 421
670 130
635 999
283 595
180 125
518 280
297 322
929 200
380 970
57 465
945 728
933 378
122 350
164 610
606 956
654 119
610 354
903 67
878 42
786 389
193 873
628 625
889 629
60 434
564 867
831 382
181 801
268 215
650 608
150 560
239 455
412 671
716 860
541 896
273 792
250 572
694 698
145 104
181 432
853 966
412 726
657 712
248 423
752 355
627 91
828 361
997 640
795 78
784 729
281 416
557 374
348 453
84 661
85 494
375 356
351 418
63 502
502 421
335 537
347 635
861 345
751 822
643 811
265 333
271 236
798 216
271 539
886 477
19 190
428 568
798 801
419 540
909 231
831 291
612 660
221 935
570 15
551 14
84 248
580 988
17 662
926 306
815 15
441 103
3 16
961 105
95 128
555 786
59 918
724 858
880 663
551 78
676 495
887 373
836 431
511 584
563 53
953 391
25 42
736 923
547 274
987 317
199 966
655 474
834 250
705 903
785 920
170 121
651 960
754 162
44 673
806 849
305 578
244 302
812 573
64 800
18 737
609 877
189 883
916 775
254 565
938 429
118 898
687 162
617 830
392 510
821 75
229 812
56 272
197 398
851 543
742 543
397 429
331 347
95 901
164 933
330 752
232 767
349 397
960 684
400 481
654 834
163 680
389 973
14 716
992 978
839 546
588 777
863 999
356 780
689 658
967 9
406 178
132 760
628 792
502 439
727 251
881 494
736 846
572 636
