1 10
100 200
201 210
900 1000
2481 722314
1803 516963
2552 384884
2112 635375
2913 937828
1772 389461
558 263072
700 170258
2331 58600
2485 239670
1037 381282
2872 783246
103 240100
1826 445066
3049 926343
8 966504
92 82150
530 82458
1295 439188
1369 629045
3054 441153
1499 48800
27 112879
692 869189
2595 295498
570 874057
1325 742386
2731 697179
1915 775385
2052 222743
2933 38134
510 336904
305 211564
47 641679
2282 410337
1832 89962
1801 585647
53 967682
1863 788175
968 229007
2390 750327
764 715215
2798 130400
470 396957
2172 820654
2982 476305
2259 484759
1689 629360
2521 405147
493 691763
1198 145998
2909 773579
38 59380
1119 925131
2150 310326
1389 219820
2898 709233
117 740760
1835 720175
514 640701
2312 655567
819 834087
1724 739126
2909 205682
2199 183882
271 622780
895 362763
2535 2405
319 452371
1513 875226
2358 104620
712 229006
667 688495
2244 856355
1830 272198
1554 142565
2502 346248
2369 71141
98 945715
1644 212396
855 875914
739 475966
2122 247161
1252 226957
2728 545584
998 906048
1739 624318
355 107524
2836 586226
2401 420356
288 965001
108 883533
310 355961
1878 916327
2410 695133
665 853131
2387 87986
1199 685026
3042 196818
2095 101557
254 186323
557 991188
2410 857430
2521 329325
1326 789109
578 342133
1170 968965
894 508527
424 961900
1152 902799
944 391404
2416 718073
3082 572019
1152 832893
1845 445825
1126 950324
702 765658
2534 163907
2550 521657
1750 272424
