1 10
100 200
201 210
900 1000
1 999999
999999 1
1 524288
999983 999983
1 1
1 2
2 1
999999 999999
2 2
4 4
8 8
16 16
32 32
64 64
128 128
256 256
512 512
1024 1024
2048 2048
4096 4096
8192 8192
16384 16384
32768 32768
65536 65536
131072 131072
262144 262144
524288 524288
3 3
7 7
15 15
17 17
1023 1023
1025 1025
2047 2047
2049 2049
4095 4095
4097 4097
8191 8191
8193 8193
16383 16383
16385 16385
32767 32767
32769 32769
65535 65535
65537 65537
131071 131071
131073 131073
262143 262143
262145 262145
524289 524289
524287 524287
1 99
99 1
1 999
999 1
99 999
999 99
1 9999
9999 1
999 9999
9999 999
1 99999
99999 1
9999 99999
99999 9999
99999 999999
999999 99999
10000 20000
30000 20000
30000 40000
50000 40000
50000 60000
70000 60000
70000 80000
90000 80000
90000 100000
100000 200000
300000 200000
300000 400000
500000 400000
500000 600000
700000 600000
700000 800000
900000 800000
900000 999999
850000 999999
900000 850000
800000 850000
800000 825000
825000 850000
840000 850000
830000 840000
835000 840000
837000 840000
838000 840000
837000 838000
837000 837500
838000 837500
837500 837750
837750 838000
837799 837799
